#cave snowcave

#data_order L Az An
#from_to 
#walls_from


% ZZZ топсъемка тронного зала
%#equate metro16msu.105 tron16msu.5

#survey ^tron16msu
#survey_title Тронный 2016 МГУ, съемка зизагом для построения поверхности
#survey_team Ковешников П. Янина А.
#survey_date 09,10 января 2016 г. 


5 6 17.9 228 35.7 
5 - 6.4 0 90
5 - 7.3 280 44.9
5 - 24.8 280 33
5 - 17 290 10.7
5 - 4 305 -21.4
5 - 13.8 140 6.2
5 - 17 170 31.2

6 7 17 302 13.5
6 - 11 320 -6.6
6 - 17 325 9
6 - 20 325 22.3
6 - 17.9 265 74
6 - 10.8 235 26.8

7 8 19 291 0
7 - 0 0 0
7 - 7 8 -5
7 - 8 5 32
7 - 10.5 220 58.1
7 - 16 235 18.1

#start_z_survvey
#start_convex_surf

8 9 12.4 216 -12.6 
8 - 5.8 200 -66
8 - 13 180 -1.4
8 - 17 195 17.4
8 - 17 230 51
8 - 6 30 27
8 - 1.5 20 -40
8 - 0 0 0

9 10 12.44 350 -32.9 
9 - 3 165 14.5
9 - 12 165 67
9 - 0.5 0 -90
9 - 14 0 90

10 11 17.3 3 -13.7  #ztn #red
10 - 0 0 -90
10 - 14 0 90
10 - 11 10 -43

11 12 5 268 -19.6
11 - 1.5 - -90
11 - 10 - 90
11 - 5 20 4

12 13 8 218 -25
12 - 0 0 -90
12 - 11.3 - 90

13 14 16.8 203 22
13 - 0.6 0 -90
13 - 15 0 90

14 15 8.6 228 26.9 #ztn #red
14 - 1 0 -90
14 - 16.7 - 90

15 16 13.7 329 47.3
15 - 4.6 - -90
15 - 0 0 0
15 - 8.5 - 90
15 - 9.7 178 -34.5 

16 17 7.8 8 -28.5
16 - 15.6 0 90
16 - 0.5 - -90

17 18 10 35 -19
17 - 1.3 - -90
17 - 10.5 - 90

18 19 13.18 28 -2.7 #ztn #red
18 - 0.8 - -90
18 - 13 - 90

19 20 15.8 231 -6.5
19 - 4.8 - -90
19 - 8 - 90
19 - 0 0 0
19 - 7 45 24.8
19 - 6.2 48 -26

20 21 13.4 218 2.7
20 - 13.8 - 90
20 - 0.6 - -90

21 22 10.7 175 21.8
21 - 13 - 90
21 - 0.5 - -90

22 23 7.4 234 -6 #ztn #red #com ПБЛ Шувалова 
22 - 1 - -90
22 - 9.5 - +90

23 24 9.7 343 -23.5 
23 - 1.3 - -90
23 - 4.6 - 90
23 - 6.6 212 -10.4

24 25 10.8 30 -12.8
24 - 7.7 - +90
24 - 1.5 - -90

25 26 20 28 -1.5
25 - 1.2 0 -90
25 - 14 - 90
25 - 9 18 -26

26 27 20.1 334 3.2 #ztn #red
26 - 13.3 - 90
26 - 2.4 - -90
26 - 0 0 0
26 - 7 218 -33 

27 28 14.4 200 -25.4
27 - 1.8 - -90
27 - 8 - 90
27 - 6.8 7 -11.4

28 29 9.2 196 13
28 - 18 - 90
28 - 0.4 - -90

29 30 19.7 207 4.1
29 - 16.8 - 90
29 - 1.2 - -90

30 31 13.4 214 18.9  #ztn #red
30 - 13 - 90
30 - 1.4 - -90

31 32 17 42 -5.7
31 - 6.2 - 90
31 - 1 - -90
31 - 3.2 188 -10.5

32 33 15.7 12 -11.8
32 - 16.7 - 90
32 - 1.5 - -90

33 34 13 12 1.7
33 - 18.3 - 90
33 - 0.6 - -90

34 35 10.3 1 25.4 #ztn #red
34 - 0.1 - -90
34 - 15.3 - 90

35 36 20.5 252 16 
35 - 13.2 - 90
35 - 0.4 - -90
35 - 6.8 25 -4

36 37 8.48 210 -10.3
36 - 27 - 90
36 - 0.7 - -90

37 38 14.5 192 0.2
37 - 32.5 - 90
37 - 0.7 - -90

38 39 17.2 189 6.8 #ztn #red
38 - 30 - 90
38 - 0.6 - -90
38 - 7.3 15 -22.2

39 40 14.27 333 -2.4 
39 - 24 - 90
39 - 1.3 - -90
39 - 13.7 178 36.7

40 41 12.14 356 -9.4 #com питерская площадка
40 - 28 - 90
40 - 1.2 - -90


41 42 10 358 10.1
41 - 0 - -90
41 - 38 - 90

42 43 26 5 4.5
42 - 37 - 90
42 - 0.8 - -90

43 44 12.7 6 15.6 #ztn #red
43 - 31 - 90
43 - 0.2 - -90 

44 45 22.3 216 -5.9
44 - 26.8 - 90
44 - 0.6 - -90
44 - 18 25 34.4
44 - 14 25 -4

45 46 12.3 211 -14.7
45 - 1 - -90
45 - 33.4 - 90

46 47 19.8 203 -6.5
46 - 35 - 90
46 - 2 - -90
46 - 11 205 -29

47 48 11.7 167 -11.2
47 - 34 - 90
47 - 1.5 - -90

48 49 22.4 147 -22.8 #ztn #red
48 - 30 - 90
48 - 0.6 - -90

49 50 24.3 308 17.2 
49 - 23 - 90
49 - 0.6 - -90
49 - 16 141 -12
49 - 16 141 52.6 

50 51 2 5 12.4
50 - 23 - 90
50 - 1.5 - -90

51 52 11 14 8.4
51 - 25.5 - +90
51 - 0.3 - -90

52 53 35.8 12 4.7
52 - 34.5 - +90
52 - 1.3 - -90

53 54 27.4 328 13.2 #ztn #red
53 - 33.7 - 90
53 - 0.8 - -90
53 - 46 190 40.3
53 - 22.7 190 -16

54 55 3.9 171 13.7 
54 - 32.8 - +90
54 - 1.5 - -90
54 - 30.5 325 38.4
54 - 33.5 340 0
54 - 19 328 -23

55 56 23.5 186 -11.2
55 - 32 - +90
55 - 0.3 - -90
55 - 5 180 -30

%10.01 Янина Ковешников

56 57 14.6 193 -23.9
56 - 35 - 90
56 - 0.9 - -90

57 58 11.43 173 -5.4
57 - 6.2 163 -27.8
57 - 32 - 90
57 - 0.8 - -90

58 59 16.76 228 2.9 #ztn #red
58 - 31 - 90
58 - 1 - -90

59 60 16.36 352 -8.3 
59 - 7.3 210 -9.8
59 - 11.22 210 55.1
59 - 20.4 - 90
59 - 0.4 - -90

60 61 23.36 12 12.5
60 - 10.5 202 -19.4
60 - 32.8 - 90
60 - 0.5 - -90

61 62 12.57 38 14.9
61 - 38 - 90
61 - 1 - -90

62 63 13.13 6 3.5
62 - 36.7 - 90
62 - 1 - -90

63 64 31.28 333 -8.3 #ztn #red
63 - 0 0 0
63 - 22.4 333 -21.6
63 - 31.5 - 90
63 - 5.3 - -90 

64 65 10.1 230 -29.4
64 - 19.6 12 62.9
64 - 5 2 23
64 - 22 - 90
64 - 0.5 - -90

65 66 21.9 182 -18.5
65 - 13 188 -36.9
65 - 28 - 90
65 - 0.8 - -90

66 67 22.5 168 12.1
66 - 38 - 90
66 - 0.35 - -90

67 68 8.88 196 -2.4
67 - 34.4 - 90
67 - 0.6 - -90

68 69 25.84 231 8.6 #ztn #red #com "питерский" водокап, около 17 пикета Дегтярева %Z
68 - 9.8 229 -7.6
68 - 32.7 - 90
68 - 0.4 - -90

69 70 30 359 -14.8 
69 - 5 213 -19.6
69 - 15 348 -24
69 - 20 - 90
69 - 0.4 - -90

70 71 23.8 34 9.7 
70 - 10 195 5.7
70 - 4.8 35 -44
70 - 15.7 35 -2.3
70 - 31.6 - 90
70 - 1.7 - -90

71 72 25 6 0 #ztn #red
71 - 0 0 0
71 - 9.8 40 -5.5
71 - 18 10 -16.8
71 - 28.4 - 90

72 73 22.6 227 -9.8 
72 - 6.7 5 23.5
72 - 4.7 225 -25.7
72 - 22 - 90
72 - 0.8 - -90

73 74 19.3 200 -12.2
73 - 12.2 42 -16
73 - 26.4 - 90
73 - 0.5 - -90

74 75 17.87 206 -7.3
74 - 6 210 -31
74 - 28.7 - 90
74 - 0.8 - -90

75 YK2 11.5 215 -21.5 #ztn #red 
75 - 9 215 -31.6
75 - 22 - 90
75 - 0.5 - -90

YK2 77 11 348 5.1 %Z #com 16 пикет Дегтярева 
YK2 - 8 - 90
YK2 - 1.5 - -90

77 78 5.4 29 3.7 
77 - 4.4 210 -32
77 - 9.7 210 64
77 - 18.8 - 90
77 - 0.88 - -90

78 79 30.9 24 8.7
78 - 4 45 -48
78 - 14 25 -9.2
78 - 31.8 30 56.2
78 - 19.7 - 90
78 - 1.2 - -90

79 80 11.8 342 -16.8 #ztn #red
79 - 26.3 - 90
79 - 0.8 - -90

80 81 15.13 230 -13.2 
80 - 17 330 -20
80 - 17.56 330 22
80 - 24 - 90
80 - 1 - -90

81 82 15.7 207 -21.7 #ztn #red
81 - 22 - 90
81 - 0.5 - -90

82 83 12.6 338 -13.9
82 - 5.5 230 -18
82 - 16 230 74
82 - 18 - 90
82 - 0.5 - -90

83 84 9 342 11.9
83 - 4.7 230 -53
83 - 9.3 240 50.3
83 - 20.5 - 90
83 - 0.5 - -90

84 85 13.87 44 2.7
84 - 3.76 270 -7
84 - 10 - 90
84 - 0.5 - -90

85 86 4.8 45 4 #ztn #red
85 - 12.2 280 -10.2
85 - 16 - 90
85 - 0 - -90
85 - 14.3 275 53.5
85 - 9 0 -18.2
85 - 13.4 0 58

86 D14 10.5 279 -10.4 #com 14й пикет Дегтярева
86 - 9 45 14.4
86 - 13 25 71
86 - 13.7 - 90
86 - 0.5 - -90

#end_convex_surf
#end_z_survvey
#end_survey

